1 0.927737058938336 0.573154424047826 0.0669176631468232 0.725532563418612 0.678504729477294 0.824572121694805 0.571807530965531 0.645851345481743 0.788482230845045 0.731014881911675 0.703868207119957 0.637639491622006 -0.524705075717711 0.861199567705031 -0.200823602126884 -0.0461058787981788 0.545381637269278
0.927737058938336 1 0.717152661797888 0.13843691199773 0.789698098530094 0.875056391747264 0.917021098119191 0.712625522466631 0.835730833799317 0.789236299650594 0.713549101787639 0.74341373081851 0.787667567254392 -0.530708320824956 0.734746113476314 -0.205383540633154 -0.00528390857428781 0.566300691107891
0.573154424047826 0.717152661797888 1 -0.1034932501767 0.738708942721314 0.790192287142211 0.925747512652442 0.987936280998057 0.522567667782308 0.592216604987217 0.626345959470829 0.477478416659712 0.970786660985211 -0.34800227559818 0.520517094771273 -0.282046937933993 0.54516888020739 0.631745367889503
0.0669176631468232 0.138436911997729 -0.1034932501767 1 -0.317923394937404 -0.0307878348891036 -0.0331211010791252 -0.168443851435319 0.282387647086925 -0.187888881191533 -0.204163986790514 0.391180516805271 -0.13986960671305 0.449194573044469 -0.31551063249351 0.538775315385048 -0.450685327406051 -0.302342149861662
0.725532563418612 0.789698098530094 0.738708942721314 -0.317923394937404 1 0.894189424344218 0.831270827569615 0.813098372882748 0.481654273834924 0.950219440606034 0.936793270749024 0.460425608016858 0.8506689662032 -0.801607694864602 0.858893249812192 -0.317582267932996 0.283050966504588 0.912310676568532
0.678504729477294 0.875056391747264 0.790192287142211 -0.0307878348891036 0.894189424344218 1 0.877781114441393 0.826274478061212 0.768042963121118 0.815883380926442 0.758637386358199 0.570926480649339 0.890523913412389 -0.652783578162054 0.620291182252243 -0.22085151538128 0.169966893797818 0.721296104089035
0.824572121694805 0.917021098119191 0.925747512652442 -0.0331211010791252 0.831270827569615 0.877781114441393 1 0.918538182648912 0.708891962047085 0.754700747720905 0.737314319030949 0.654473529906783 0.952216614328989 -0.508655819460662 0.710858443553827 -0.289053040406569 0.331308081897334 0.658054715968553
0.571807530965531 0.712625522466631 0.987936280998057 -0.168443851435319 0.813098372882748 0.826274478061212 0.918538182648912 1 0.479954125681261 0.678302870358099 0.71478377010739 0.450421165641368 0.985596677295878 -0.455070158751802 0.57993607214028 -0.29124762841509 0.573861959056507 0.730916391377635
0.645851345481743 0.835730833799317 0.522567667782308 0.282387647086925 0.481654273834924 0.768042963121118 0.708891962047085 0.479954125681261 1 0.433469121333064 0.302069267684818 0.657122315372849 0.593812712138585 -0.330488804042807 0.315980189697999 -0.175162986568155 -0.179875326747837 0.172209269765082
0.788482230845045 0.789236299650594 0.592216604987217 -0.187888881191533 0.950219440606034 0.815883380926442 0.754700747720905 0.678302870358099 0.433469121333064 1 0.970111551705328 0.468777008364892 0.730391120225223 -0.837508757592824 0.897003506797772 -0.164611867537308 0.166446280336393 0.891578914417867
0.731014881911674 0.713549101787639 0.626345959470829 -0.204163986790514 0.936793270749024 0.758637386358199 0.737314319030949 0.71478377010739 0.302069267684818 0.970111551705328 1 0.501686192268953 0.741325778535332 -0.755362226163585 0.889341578393012 -0.142839419630033 0.259065022022308 0.962188844617429
0.703868207119957 0.74341373081851 0.477478416659712 0.391180516805271 0.460425608016858 0.570926480649339 0.654473529906783 0.450421165641368 0.657122315372849 0.468777008364892 0.501686192268953 1 0.51994282357369 -0.147863063077091 0.466018859592842 -0.0961720793707488 -0.0994283555855377 0.407870150070779
0.637639491622006 0.787667567254392 0.970786660985211 -0.13986960671305 0.8506689662032 0.890523913412389 0.952216614328989 0.985596677295878 0.593812712138585 0.730391120225223 0.741325778535331 0.51994282357369 1 -0.538226905280635 0.61584496004621 -0.303383956800528 0.509223041113643 0.733904300868925
-0.524705075717711 -0.530708320824956 -0.34800227559818 0.449194573044469 -0.801607694864602 -0.652783578162054 -0.508655819460662 -0.455070158751802 -0.330488804042807 -0.837508757592824 -0.755362226163585 -0.147863063077091 -0.538226905280635 1 -0.727187182030115 0.325588128728815 -0.21886324149578 -0.700055073810928
0.861199567705031 0.734746113476314 0.520517094771273 -0.315510632493509 0.858893249812192 0.620291182252243 0.710858443553827 0.57993607214028 0.315980189697999 0.897003506797772 0.889341578393013 0.466018859592842 0.61584496004621 -0.727187182030115 1 -0.333008654257702 0.120297010543882 0.786521623758473
-0.200823602126884 -0.205383540633154 -0.282046937933993 0.538775315385048 -0.317582267932996 -0.22085151538128 -0.289053040406569 -0.29124762841509 -0.175162986568155 -0.164611867537308 -0.142839419630033 -0.0961720793707488 -0.303383956800528 0.325588128728815 -0.333008654257702 1 -0.360162433203432 -0.146034255192468
-0.0461058787981788 -0.00528390857428781 0.54516888020739 -0.450685327406051 0.283050966504588 0.169966893797818 0.331308081897334 0.573861959056507 -0.179875326747837 0.166446280336393 0.259065022022308 -0.0994283555855377 0.509223041113643 -0.21886324149578 0.120297010543882 -0.360162433203432 1 0.355086419120396
0.545381637269278 0.566300691107891 0.631745367889503 -0.302342149861662 0.912310676568532 0.721296104089035 0.658054715968553 0.730916391377635 0.172209269765082 0.891578914417867 0.962188844617429 0.407870150070779 0.733904300868925 -0.700055073810928 0.786521623758473 -0.146034255192468 0.355086419120396 1
