1 0.370994727444418 -0.460382451309724 0.327851797141812 0.856472991694107 0.18054982746988 -0.392234375856722 -0.459566001873539 -0.0778964617332346 -0.094174064927321 -0.306614532001924 0.661060018417139 -0.274077741248288 -0.620120952369689 0.4912650176767 -0.261335678183936 -0.495641671667962 0
0.370994727444418 1 0.286844975104973 0.464030670784795 0.596448694383588 0.920271137331533 0.146709623829579 0.138744158947496 0.760032686126617 0.822197195525835 0.732427733142762 -0.245155610181939 0.0265713371561132 0.201160750985081 0.951771923381564 0.284745401606212 0.307959393768637 0
-0.460382451309724 0.286844975104973 1 0.367055358307679 -0.113034022905035 0.591244481918066 0.954985679369632 0.963801426786909 0.777658415565277 0.68876978575383 0.747548303015998 -0.674687576536335 0.85126656175563 0.733765670173487 0.235000152018575 0.155037859846455 0.715125169189399 0
0.327851797141812 0.464030670784795 0.367055358307679 1 0.538170184868388 0.637512323508106 0.355271189206892 0.341875256445387 0.536401043913121 0.501623577767968 0.441707775614595 -0.23068646492475 0.297687758761169 0.311325860754581 0.496945502918443 0.389269756157985 0.526878525660912 0
0.856472991694107 0.596448694383588 -0.113034022905035 0.538170184868388 1 0.477083749002051 -0.0487539295137688 -0.080766481209578 0.197565288867778 0.213909604109908 0.0650254543664315 0.219862679591926 0.0289847152192075 -0.177604929831474 0.593756232902462 -0.120245055375935 -0.263276418287238 0
0.18054982746988 0.920271137331533 0.591244481918066 0.637512323508106 0.477083749002052 1 0.455207940486737 0.445537617161029 0.935633510657353 0.940435792598007 0.868111274305292 -0.426109615106557 0.311662271435851 0.395144242872582 0.892277030840511 0.363312452873212 0.558460945432835 0
-0.392234375856722 0.146709623829579 0.954985679369632 0.355271189206892 -0.0487539295137688 0.455207940486737 1 0.987701722152794 0.624853805747897 0.550308593607943 0.593506956275674 -0.609657042496664 0.966146527013344 0.703100544067868 0.100782291965016 -0.029001079741069 0.603073014551508 0
-0.459566001873538 0.138744158947496 0.963801426786909 0.341875256445387 -0.080766481209578 0.445537617161029 0.987701722152794 1 0.614046635964928 0.537982919568149 0.619689408778405 -0.677141990955584 0.935113594592997 0.771998122379047 0.0579003410187715 0.0439812290389374 0.620610084678078 0
-0.0778964617332346 0.760032686126617 0.777658415565277 0.536401043913121 0.197565288867778 0.935633510657352 0.624853805747897 0.614046635964928 1 0.947635256950409 0.89796019887503 -0.501583149559975 0.460132575804423 0.465947021884907 0.760307502800299 0.353818024353937 0.681887295648483 0
-0.094174064927321 0.822197195525835 0.68876978575383 0.501623577767968 0.213909604109908 0.940435792598007 0.550308593607943 0.537982919568149 0.947635256950409 1 0.950503482437026 -0.57907468991199 0.385457166964711 0.525923657835942 0.779962475569692 0.350360012191135 0.675560336936536 0
-0.306614532001924 0.732427733142762 0.747548303015998 0.441707775614595 0.0650254543664315 0.868111274305293 0.593506956275674 0.619689408778405 0.89796019887503 0.950503482437026 1 -0.763852962750426 0.39990898442631 0.726495865141186 0.619493795385586 0.488630210684591 0.782246781141724 0
0.661060018417139 -0.245155610181939 -0.674687576536335 -0.23068646492475 0.219862679591926 -0.426109615106557 -0.609657042496664 -0.677141990955584 -0.501583149559975 -0.57907468991199 -0.763852962750426 1 -0.46420340373347 -0.921538914552813 -0.0303613503619736 -0.495829901147535 -0.717257570984631 0
-0.274077741248288 0.0265713371561132 0.85126656175563 0.297687758761169 0.0289847152192075 0.311662271435851 0.966146527013344 0.935113594592997 0.460132575804423 0.385457166964711 0.39990898442631 -0.46420340373347 1 0.581234790731856 -0.000560864830907801 -0.227226532949354 0.420946487118394 0
-0.620120952369689 0.201160750985081 0.733765670173487 0.311325860754581 -0.177604929831474 0.395144242872582 0.703100544067868 0.771998122379047 0.465947021884907 0.525923657835942 0.726495865141186 -0.921538914552813 0.581234790731856 1 -0.0108725245739873 0.384647250282368 0.743278302590513 0
0.4912650176767 0.951771923381564 0.235000152018575 0.496945502918443 0.593756232902462 0.892277030840511 0.100782291965016 0.0579003410187715 0.760307502800299 0.779962475569692 0.619493795385586 -0.0303613503619736 -0.000560864830907801 -0.0108725245739873 1 0.204370717995023 0.264544271521868 0
-0.261335678183936 0.284745401606212 0.155037859846455 0.389269756157985 -0.120245055375935 0.363312452873212 -0.029001079741069 0.0439812290389374 0.353818024353937 0.350360012191135 0.488630210684591 -0.495829901147535 -0.227226532949355 0.384647250282368 0.204370717995023 1 0.648439161520763 0
-0.495641671667962 0.307959393768637 0.715125169189399 0.526878525660912 -0.263276418287238 0.558460945432835 0.603073014551508 0.620610084678078 0.681887295648483 0.675560336936536 0.782246781141724 -0.717257570984631 0.420946487118394 0.743278302590513 0.264544271521868 0.648439161520763 1 0
0 0 0 0 0 0 0 0 0 0 0 0 0 0 0 0 0 0
