1 0.772160192693657 0.376810684207777 0.14471602201533 0.635289039700301 0.911292927501848 0.372259889725421 0.46135332774949 0.718906406219577 0.418892196842732 0.232036852144924 0.0672576266473527 0.467953414371238 0.104777839595445 0.915009645724032 -0.338983193111734 -0.674777886315234 -0.00431784979056026
0.772160192693657 1 0.269836466899313 0.292248296248543 0.708484952390272 0.592960723853923 0.0154241465706423 0.206006500835885 0.588280444119189 0.0927199691666615 -0.10314265900376 0.496377360357441 0.118926725133668 0.28976930001947 0.457124075492793 -0.214496504141552 -0.587889704766384 -0.189259231962333
0.376810684207777 0.269836466899313 1 -0.0357928458790509 -0.382942345579386 0.134092258973212 0.900279180237072 0.971502061008676 0.781945039158117 0.566703370228683 0.881484212663381 -0.0844003017973607 0.895635091521974 0.15688487428347 0.313324851354423 -0.253734154626808 -0.597037840551374 0.849973554417282
0.14471602201533 0.292248296248543 -0.0357928458790509 1 0.266245005366164 0.172990143808314 -0.066606863220139 -0.0626793013521554 0.268801768206891 0.111963139870942 0.00205509295112493 0.17711260280592 0.00976606416291726 -0.279035859802167 0.0607146466420167 -0.0810955420181127 -0.418419598459373 -0.0662289817489579
0.635289039700301 0.708484952390272 -0.382942345579386 0.266245005366164 1 0.726025426572744 -0.449138656201858 -0.351071596735348 0.101217402052702 -0.224735253980306 -0.541410608048422 0.240276163330713 -0.350893748649563 0.212088682986674 0.477185739353146 0.0349338337326214 -0.14929140617958 -0.714873569408601
0.911292927501848 0.592960723853923 0.134092258973212 0.172990143808314 0.726025426572744 1 0.237191575340235 0.26114817441555 0.48933683680233 0.272098061509887 0.127622262941542 -0.173433213757106 0.323680739121139 0.159586681861391 0.916044424446273 -0.079024708371482 -0.457742448573865 -0.197668170784396
0.372259889725421 0.0154241465706423 0.900279180237072 -0.066606863220139 -0.449138656201858 0.237191575340235 1 0.959100162600871 0.665863103219838 0.702989150462031 0.964684773666343 -0.371112544707323 0.990545211950095 -0.0269975303807658 0.474128278685249 -0.218766666337841 -0.567279897496213 0.832261434050984
0.46135332774949 0.206006500835885 0.971502061008676 -0.0626793013521554 -0.351071596735348 0.26114817441555 0.959100162600871 1 0.805954082592324 0.663482459613178 0.932679898706696 -0.205878830126164 0.957161566449816 0.0572299428907164 0.47559291211974 -0.303240230163675 -0.621914060152224 0.853729311023069
0.718906406219577 0.588280444119189 0.781945039158117 0.268801768206891 0.101217402052702 0.48933683680233 0.665863103219838 0.805954082592324 1 0.584151235910821 0.649106241944556 0.160057890233411 0.719056876735406 -0.0321892475311132 0.616069043277809 -0.564103841163796 -0.782745988401455 0.605023250997516
0.418892196842732 0.0927199691666615 0.566703370228683 0.111963139870942 -0.224735253980306 0.272098061509887 0.702989150462031 0.663482459613178 0.584151235910821 1 0.625986600386734 0.0583816361912386 0.751022783676778 -0.590655478678329 0.546904795679041 -0.527268669440573 -0.803595078819545 0.545391067787394
0.232036852144924 -0.10314265900376 0.881484212663381 0.00205509295112493 -0.541410608048422 0.127622262941542 0.964684773666343 0.932679898706696 0.649106241944556 0.625986600386734 1 -0.410209511011368 0.936099071025907 -0.0244500962908633 0.35267186652236 -0.193659377965851 -0.457339472218888 0.911981422748369
0.0672576266473527 0.496377360357441 -0.0844003017973607 0.17711260280592 0.240276163330713 -0.173433213757106 -0.371112544707323 -0.205878830126164 0.160057890233411 0.0583816361912386 -0.410209511011368 1 -0.307034151389048 -0.180331861327044 -0.187922286800924 -0.535384809907051 -0.321582277039105 -0.186578883610112
0.467953414371238 0.118926725133668 0.895635091521974 0.00976606416291726 -0.350893748649563 0.323680739121139 0.990545211950095 0.957161566449816 0.719056876735406 0.751022783676778 0.936099071025907 -0.307034151389048 1 -0.0581284555004548 0.549554909050424 -0.26334542373056 -0.666169528780853 0.781491992927979
0.104777839595445 0.28976930001947 0.15688487428347 -0.279035859802167 0.212088682986674 0.159586681861391 -0.0269975303807658 0.0572299428907164 -0.0321892475311132 -0.590655478678329 -0.0244500962908633 -0.180331861327044 -0.0581284555004548 1 -0.0775876470047628 0.520261744106158 0.35100994951486 -0.122938950639832
0.915009645724032 0.457124075492793 0.313324851354423 0.0607146466420167 0.477185739353146 0.916044424446273 0.474128278685249 0.47559291211974 0.616069043277809 0.546904795679041 0.35267186652236 -0.187922286800924 0.549554909050424 -0.0775876470047628 1 -0.344778625864314 -0.591323298602947 0.0702632740152168
-0.338983193111734 -0.214496504141552 -0.253734154626808 -0.0810955420181127 0.0349338337326214 -0.079024708371482 -0.218766666337841 -0.303240230163675 -0.564103841163796 -0.527268669440573 -0.193659377965851 -0.535384809907051 -0.26334542373056 0.520261744106158 -0.344778625864314 1 0.537442466595984 -0.338888787360753
-0.674777886315234 -0.587889704766384 -0.597037840551374 -0.418419598459373 -0.14929140617958 -0.457742448573865 -0.567279897496213 -0.621914060152224 -0.782745988401455 -0.803595078819545 -0.457339472218888 -0.321582277039105 -0.666169528780853 0.35100994951486 -0.591323298602947 0.537442466595984 1 -0.357514115141079
-0.00431784979056026 -0.189259231962333 0.849973554417282 -0.0662289817489579 -0.714873569408601 -0.197668170784396 0.832261434050984 0.853729311023069 0.605023250997516 0.545391067787394 0.911981422748369 -0.186578883610112 0.781491992927979 -0.122938950639832 0.0702632740152168 -0.338888787360753 -0.357514115141079 1
