1 0.978584830807467 -0.3622862356826 -0.176240563396878 -0.0499412339664045 -0.283595263622641 -0.180280288310108 -0.466877113655836 -0.359419500353764 -0.0814060638081636 0.384337428034365 -0.351472280258119 -0.116613818575066 0.708286810079337 0.0864045681569537 -0.189885830861027 0.826029506292382 0
0.978584830807467 1 -0.410313686244416 -0.21777901821144 -0.0877586727677949 -0.412740673130145 -0.232801591049219 -0.509774388613111 -0.466093531270051 -0.224573379318553 0.223245503509806 -0.379726957034188 -0.183704506765897 0.572167688820361 -0.103397554678972 -0.305836017115384 0.761194991767894 0
-0.3622862356826 -0.410313686244416 1 -0.342821133509375 0.868357541722053 0.861717680904828 0.884222947017909 0.97222887043022 0.867882523259132 0.746441568591005 0.459225690298934 0.885326366419933 0.852997289912713 -0.18990881329146 0.477450497044869 0.506419325053145 -0.131671834877065 0
-0.176240563396878 -0.21777901821144 -0.342821133509375 1 -0.457045206966135 -0.15725616884265 -0.309934549257705 -0.294559848497589 -0.158538562960575 -0.128011542955926 -0.1242745555597 -0.116639579638671 -0.280952956275489 -0.0211666844131002 0.0391379737225238 0.407478421925763 -0.187801023529878 0
-0.0499412339664045 -0.0877586727677949 0.868357541722053 -0.457045206966135 1 0.803639741593466 0.970036562075113 0.88587935305871 0.81509599426383 0.771592653732646 0.589660969766965 0.845455975122959 0.939529226128708 -0.100127046592312 0.38165899168831 0.368662988695626 0.275932606204351 0
-0.283595263622641 -0.412740673130145 0.861717680904828 -0.15725616884265 0.803639741593466 1 0.853127658284559 0.876510581256746 0.984575367443179 0.964606627551893 0.719302632500428 0.751531301308444 0.840471001069005 0.0868631704028124 0.766820443590669 0.662785469772284 0.0841262265500029 0
-0.180280288310108 -0.232801591049219 0.884222947017909 -0.309934549257705 0.970036562075113 0.853127658284559 1 0.926891015613561 0.865573020517438 0.807430285290717 0.602057103960545 0.920489439015721 0.985267706043326 -0.180902483306659 0.415912521818314 0.514082937582937 0.175961001425981 0
-0.466877113655837 -0.509774388613111 0.972228870430221 -0.294559848497588 0.88587935305871 0.876510581256746 0.926891015613561 1 0.902955758833489 0.758087200473192 0.415416250908766 0.91639051533636 0.88621322513191 -0.316197030803103 0.406316125203299 0.499286499035977 -0.147267614989732 0
-0.359419500353763 -0.466093531270051 0.867882523259133 -0.158538562960575 0.81509599426383 0.984575367443179 0.865573020517438 0.902955758833489 1 0.94697496435043 0.632687107711938 0.765409914840053 0.831715065519991 -0.0373443370979615 0.673632258862289 0.644591083438455 0.0270040414993484 0
-0.0814060638081636 -0.224573379318553 0.746441568591005 -0.128011542955926 0.771592653732646 0.964606627551893 0.807430285290717 0.758087200473192 0.94697496435043 1 0.829988362682647 0.646507841861483 0.802952915865468 0.24843500888187 0.816180328942202 0.681006679260432 0.28712407613039 0
0.384337428034365 0.223245503509806 0.459225690298934 -0.1242745555597 0.589660969766965 0.719302632500428 0.602057103960545 0.415416250908766 0.632687107711938 0.829988362682647 1 0.406229236807659 0.673533827935919 0.599869640496399 0.854755194144169 0.631992292811525 0.580081640581921 0
-0.351472280258119 -0.379726957034188 0.885326366419933 -0.116639579638671 0.845455975122959 0.751531301308444 0.920489439015721 0.91639051533636 0.765409914840053 0.646507841861483 0.406229236807659 1 0.90963511936785 -0.342646367432427 0.299199151398892 0.5548633284736 -0.0578359138561858 0
-0.116613818575066 -0.183704506765897 0.852997289912713 -0.280952956275489 0.939529226128708 0.840471001069005 0.985267706043326 0.88621322513191 0.831715065519991 0.802952915865468 0.673533827935919 0.90963511936785 1 -0.120383834350712 0.465756328750401 0.571313034487739 0.200706421318222 0
0.708286810079337 0.572167688820361 -0.18990881329146 -0.0211666844131002 -0.100127046592312 0.0868631704028124 -0.180902483306659 -0.316197030803103 -0.0373443370979615 0.24843500888187 0.599869640496399 -0.342646367432427 -0.120383834350712 1 0.627775947408264 0.0609357705723349 0.665516711483138 0
0.0864045681569537 -0.103397554678972 0.477450497044869 0.0391379737225238 0.38165899168831 0.766820443590669 0.415912521818314 0.406316125203299 0.673632258862289 0.816180328942202 0.854755194144169 0.299199151398892 0.465756328750401 0.627775947408264 1 0.671598854564353 0.253383321666534 0
-0.189885830861027 -0.305836017115384 0.506419325053145 0.407478421925763 0.368662988695626 0.662785469772284 0.514082937582937 0.499286499035977 0.644591083438455 0.681006679260432 0.631992292811525 0.5548633284736 0.571313034487739 0.0609357705723349 0.671598854564353 1 -0.0883148726016126 0
0.826029506292382 0.761194991767894 -0.131671834877065 -0.187801023529878 0.275932606204351 0.0841262265500029 0.175961001425981 -0.147267614989732 0.0270040414993485 0.28712407613039 0.580081640581921 -0.0578359138561858 0.200706421318222 0.665516711483138 0.253383321666534 -0.0883148726016126 1 0
0 0 0 0 0 0 0 0 0 0 0 0 0 0 0 0 0 0
